93 370 21
386 159 91
423 396 61
79 480 34
483 420 1
316 498 41
446 189 5
188 176 85
228 92 24
403 80 94
136 112 24
241 254 87
255 180 67
63 147 5
449 179 11
331 73 37
21 279 16
485 78 19
93 490 23
3 155 59
11 315 35
217 340 25
452 63 93
419 176 83
28 387 81
238 311 39
136 483 86
256 335 71
483 255 36
297 6 98
474 426 33
205 279 5
289 185 100
328 249 11
323 359 22
50 0 11
132 286 50
216 49 3
84 494 90
227 316 82
204 207 32
172 195 21
198 2 50
449 232 75
371 340 57
78 96 92
392 313 44
468 176 32
166 221 58
144 215 43
470 385 35
112 184 63
452 146 17
318 136 76
88 173 24
344 428 46
226 259 55
22 396 98
452 304 93
165 104 60
253 91 22
397 210 37
47 363 22
195 99 76
180 312 24
108 62 85
12 271 11
40 413 46
214 383 73
294 95 34
92 492 57
114 407 51
369 440 19
347 205 30
31 59 70
300 23 51
222 188 41
382 90 97
190 280 30
424 18 39
18 438 72
173 80 45
306 252 28
435 205 51
352 292 86
407 304 39
363 317 12
464 338 36
466 103 27
187 136 52
408 384 96
474 22 13
307 336 94
320 435 41
249 439 39
102 71 90
251 433 91
445 77 22
76 346 8
478 275 48
164 129 39
52 149 4
132 111 62
44 9 99
176 379 85
496 154 45
161 192 26
42 385 49
71 67 64
208 423 62
55 484 9
139 329 78
209 354 88
412 332 92
261 6 77
207 460 74
436 418 68
77 300 31
165 46 26
71 273 16
259 484 48
296 312 97
401 12 68
172 214 49
388 411 15
378 400 7
59 416 18
343 132 15
459 474 7
255 38 82
356 332 58
418 288 23
218 193 63
102 491 11
80 168 17
102 201 20
477 23 2
193 395 42
73 301 11
437 52 11
81 133 85
379 332 76
15 371 23
223 274 23
155 135 45
51 437 45
150 169 46
402 17 60
363 427 77
360 269 17
205 234 42
472 141 66
225 201 78
55 433 5
433 483 12
103 84 4
137 158 4
383 177 57
79 261 87
296 260 18
105 402 18
91 260 96
361 229 96
19 474 6
274 30 32
211 434 15
55 289 65
249 167 87
241 332 58
22 264 58
120 204 12
61 74 60
191 115 20
172 229 73
368 486 96
172 42 81
158 439 6
422 371 51
210 65 24
485 461 82
498 364 70
270 487 41
358 438 7
51 120 37
177 181 48
96 429 77
356 397 65
73 364 69
281 28 14
31 497 99
481 29 43
122 80 50
465 451 16
165 194 97
210 364 15
110 222 15
63 341 76
188 207 17
158 0 80
54 461 33
185 69 90
68 469 73
452 293 64
30 107 49
475 220 67
37 11 48
258 145 72
472 445 66
307 166 99
406 343 53
328 475 32
87 102 9
346 349 77
126 143 64
321 426 57
96 75 40
297 486 7
90 247 61
387 382 13
467 261 91
292 130 5
307 66 10
419 28 36
445 433 82
1 103 52
306 256 19
445 348 48
377 357 87
120 496 83
157 27 39
276 426 83
214 374 27
326 32 22
208 481 94
293 157 91
385 330 75
78 314 79
257 427 3
492 46 85
451 161 63
443 321 29
388 460 37
359 157 77
241 97 53
453 372 7
305 58 99
22 97 46
230 195 82
357 384 3
303 108 41
354 445 24
376 219 50
157 132 100
445 2 100
72 380 18
318 335 58
355 344 41
168 499 80
385 447 29
130 395 19
20 236 48
101 142 33
323 18 31
188 236 46
415 447 25
371 442 64
403 421 95
233 132 34
59 385 40
289 25 76
285 171 46
271 291 38
44 15 66
103 91 64
89 374 76
210 315 66
345 458 67
131 241 39
358 148 83
393 349 46
437 456 50
475 342 50
346 300 81
393 82 89
415 471 54
499 6 77
456 269 17
424 98 85
171 418 100
451 121 78
419 110 8
445 281 61
37 410 10
119 443 19
372 55 98
53 319 8
405 456 80
25 346 52
241 439 8
161 98 6
64 206 53
183 228 56
355 438 10
446 222 94
177 402 34
4 253 100
115 170 68
270 57 37
213 473 99
91 321 15
165 242 57
461 211 86
421 210 97
122 429 40
104 392 43
411 81 33
421 415 17
90 102 12
169 162 77
182 368 5
332 391 28
198 212 35
398 319 2
397 248 95
114 14 86
374 362 87
48 138 52
115 350 66
33 357 67
136 169 81
232 129 43
349 342 7
491 152 56
345 409 28
401 429 20
183 132 19
25 381 6
23 112 83
50 257 85
222 131 31
217 418 86
491 113 47
465 393 98
325 193 41
157 473 69
148 317 46
244 404 98
378 5 54
378 12 83
421 435 7
31 201 32
392 119 14
427 21 3
493 113 72
155 496 13
72 323 10
127 147 30
434 381 52
450 22 48
410 442 100
275 352 38
37 10 55
190 366 38
151 120 57
147 0 29
16 10 61
2 179 19
4 100 77
396 492 20
403 240 2
9 13 61
182 489 62
349 365 25
224 271 44
173 239 18
270 269 54
484 336 76
340 254 51
93 277 63
85 424 36
443 320 41
162 108 5
293 81 19
384 225 70
342 164 26
250 77 76
238 76 51
495 175 83
472 128 11
40 102 84
371 215 34
400 340 41
375 331 86
164 487 7
181 156 41
288 388 33
154 257 11
168 233 31
291 99 66
97 120 25
184 302 40
142 259 5
16 337 16
77 123 42
359 170 79
234 481 91
120 20 52
474 25 2
150 10 72
151 284 27
292 117 43
331 359 48
447 471 15
172 36 40
385 443 33
287 434 42
478 261 94
398 381 8
168 26 91
431 426 46
310 325 33
55 14 45
418 262 80
16 95 100
317 157 75
41 52 92
228 208 60
302 211 66
137 405 15
340 244 60
455 289 2
61 356 31
337 46 53
267 264 52
232 57 67
291 187 82
488 205 53
315 295 91
16 384 70
31 110 23
276 283 16
165 299 67
321 309 49
95 410 66
50 28 9
484 307 78
461 0 35
55 142 77
439 447 76
136 274 30
123 275 27
124 67 67
117 222 35
407 141 25
290 230 44
200 101 53
364 304 43
66 327 50
390 242 16
261 47 41
384 407 54
398 301 33
145 372 1
484 389 79
134 465 61
318 51 19
195 161 19
151 190 13
239 259 91
51 113 10
292 479 75
309 96 34
138 382 95
60 129 21
476 305 54
2 491 64
218 353 72
491 492 95
82 63 3
129 272 27
281 102 100
244 0 15
62 385 29
387 486 31
55 456 68
344 186 96
2 402 18
133 35 99
149 7 39
257 311 93
491 384 43
393 213 24
177 118 15
388 111 60
253 238 51
201 436 92
54 398 65
215 465 4
251 34 72
436 93 1
6 349 68
275 219 1
483 352 65
496 105 17
170 72 46
147 412 92
68 401 19
156 167 9
283 255 11
257 430 22
116 236 56
204 468 50
80 473 17
393 27 37
488 282 69
160 165 98
95 436 55
135 465 39
139 173 27
103 396 42
405 245 45
476 360 53
118 37 67
41 221 92
197 38 51
473 263 3
140 16 81
234 335 1
97 29 83
231 189 76
170 417 38
205 154 22
405 259 26
421 254 76
109 187 23
176 459 94
345 219 12
167 349 66
360 364 90
443 207 5
87 379 37
443 18 59
105 93 39
21 392 9
283 370 24
174 224 28
358 195 52
230 430 22
176 34 34
400 223 68
211 443 54
440 43 21
212 90 38
109 401 95
223 430 13
291 197 55
80 77 21
214 457 9
175 16 77
405 105 51
312 89 43
317 188 1
477 437 62
442 218 4
381 3 91
323 219 71
121 464 58
39 356 58
178 75 43
405 234 87
107 268 86
230 429 52
218 25 64
492 83 36
419 173 21
458 467 74
131 197 85
396 369 29
253 261 59
14 233 26
317 115 91
469 384 21
389 2 59
312 428 30
270 187 2
327 473 23
499 28 93
451 292 80
456 128 85
459 280 74
313 225 45
396 259 47
288 428 100
492 17 55
424 258 89
397 146 17
355 154 69
280 190 45
309 415 59
296 62 100
462 28 39
237 198 14
395 119 26
412 29 3
284 431 26
288 353 24
185 41 99
370 208 70
15 392 10
412 0 90
371 112 100
472 258 45
388 414 1
259 353 92
396 256 60
52 248 32
285 412 49
200 264 30
209 439 80
182 257 96
123 168 2
97 178 77
442 235 28
417 197 7
38 330 75
128 81 93
222 485 28
292 239 35
473 176 65
17 152 2
397 172 3
394 412 82
213 293 97
490 361 59
287 304 34
331 54 62
123 205 31
182 7 33
454 391 38
455 431 19
383 53 93
215 123 81
13 326 50
290 40 35
441 192 63
273 315 17
496 116 58
83 401 16
111 405 37
462 176 77
85 73 3
272 417 85
362 57 71
434 310 64
333 174 46
469 372 25
324 108 64
464 231 75
461 465 96
113 270 20
289 99 61
23 376 57
88 144 21
249 6 2
9 114 43
329 371 77
353 22 54
52 299 26
408 139 35
344 424 1
69 3 45
498 470 41
454 250 61
474 248 34
449 9 65
122 498 13
357 202 83
77 99 58
356 358 27
422 210 20
258 165 14
490 180 30
391 388 83
458 426 16
68 131 78
486 406 16
199 272 91
467 115 60
400 328 41
405 352 54
89 453 74
128 288 50
457 410 32
112 427 100
462 270 31
198 404 45
192 32 75
293 226 67
440 499 6
14 162 20
405 420 48
159 181 81
147 197 76
486 448 91
367 399 55
181 250 17
271 294 11
494 41 49
477 476 29
498 61 11
97 190 75
140 250 95
77 482 14
244 49 27
31 395 70
306 96 23
427 131 96
43 120 92
2 133 53
437 367 56
369 264 52
86 63 60
342 199 38
339 145 99
9 142 51
96 131 28
190 440 3
105 32 80
457 45 42
389 304 57
179 177 58
381 131 88
499 238 30
75 306 20
174 189 14
8 483 13
57 126 35
391 393 22
164 415 93
70 450 74
433 47 75
224 51 24
25 101 48
400 13 62
20 25 98
211 286 19
473 208 69
145 127 67
434 31 68
356 50 57
447 331 67
109 261 12
155 323 20
162 296 46
336 51 66
387 481 27
295 65 61
396 116 86
286 349 68
112 6 10
132 173 68
99 405 65
479 487 24
58 328 97
381 261 61
329 411 48
459 277 56
193 166 45
433 294 3
206 363 6
88 101 65
128 359 18
81 330 46
172 328 46
110 32 24
316 276 14
110 274 64
367 457 93
417 26 32
359 389 10
161 363 90
375 9 77
69 108 32
142 323 47
8 12 76
213 235 39
399 262 74
228 82 86
342 125 43
385 457 59
329 58 25
308 498 1
471 314 23
172 87 13
11 472 49
109 374 62
202 141 50
348 343 57
279 23 53
185 358 13
29 234 52
13 419 92
114 355 48
380 405 47
409 221 60
266 34 90
142 151 50
160 198 67
80 468 96
450 93 53
461 397 70
430 411 2
469 359 22
102 77 53
222 355 54
121 13 32
343 149 33
227 234 80
374 77 70
273 230 20
59 41 7
151 233 84
336 453 48
446 458 80
218 125 66
254 145 81
56 346 36
460 428 21
69 357 60
189 128 10
412 47 64
352 296 23
301 216 37
36 113 43
82 125 14
293 391 55
194 86 81
172 111 87
304 497 96
43 187 73
284 139 76
264 168 91
209 452 76
45 216 17
398 192 75
305 429 59
465 93 40
279 463 96
298 270 35
224 275 76
226 77 93
218 260 25
368 377 98
445 439 79
90 177 58
485 239 99
161 12 88
309 337 98
272 107 95
226 1 20
178 136 40
139 259 14
190 55 50
363 91 92
88 113 54
481 178 60
261 363 85
135 2 19
465 52 56
317 365 37
297 239 45
244 287 15
212 161 1
91 7 76
110 483 72
338 382 28
404 177 19
348 206 44
236 355 64
130 349 100
69 338 64
342 167 9
120 326 42
131 338 83
420 307 36
130 261 69
3 328 98
190 104 88
343 351 71
342 235 96
385 134 70
45 36 57
166 114 20
358 231 29
101 152 36
350 410 95
19 237 43
196 59 13
407 480 18
171 496 80
385 427 20
114 304 96
32 426 96
230 154 61
167 281 15
447 2 21
308 14 71
149 39 62
231 417 97
135 495 38
312 234 13
127 174 69
36 123 9
183 403 80
122 478 19
5 446 77
179 485 62
0 172 26
299 159 22
355 214 39
338 491 15
377 201 93
181 292 38
453 37 49
294 7 52
295 278 11
233 108 67
91 78 45
96 327 60
461 455 12
243 5 23
417 42 20
165 436 75
173 229 38
301 94 71
358 481 73
61 185 56
338 66 20
24 490 51
461 347 13
43 498 28
202 297 91
417 474 33
194 446 19
376 331 48
475 419 20
55 330 75
322 318 61
303 238 75
250 461 40
283 53 35
199 476 28
328 329 72
404 263 5
96 153 32
100 453 68
64 63 8
490 259 17
100 313 16
224 153 89
21 236 63
153 18 40
31 485 17
44 380 65
315 457 27
81 312 33
96 85 28
94 17 34
376 486 53
407 50 23
30 225 1
144 51 71
57 129 58
112 477 77
257 16 40
359 208 87
399 9 56
416 178 12
477 336 76
163 197 88
98 238 22
229 115 31
349 386 17
250 123 47
54 138 88
173 278 89
228 265 54
367 281 66
498 53 55
83 220 61
261 5 1
442 364 8
317 383 76
324 345 69
492 152 52
285 450 65
165 108 91
226 51 87
468 263 85
210 314 31
6 202 45
32 96 3
387 433 34
398 102 94
390 168 28
249 126 69
394 25 68
110 98 21
359 204 40
279 156 2
312 44 26
268 434 47
120 313 60
269 396 30
270 412 27
253 67 68
235 441 95
457 460 76
378 103 35
275 145 83
270 20 1
184 11 39
486 238 7
180 467 73
447 69 95
119 358 15
374 497 85
99 482 75
488 363 4
260 218 21
10 431 99
108 208 4
20 314 4
322 369 19
327 314 19
72 455 56
28 464 89
42 396 43
277 76 21
29 222 55
353 191 78
338 47 37
349 312 50
401 348 84
3 373 73
73 454 9
50 133 95
105 129 54
123 226 54
119 436 46
243 462 81
41 21 4
167 202 43
441 256 34
185 351 88
105 28 86
362 153 22
439 259 57
456 378 48
66 41 1
207 313 66
471 198 16
23 105 5
213 320 89
414 103 11
43 250 70
382 482 37
478 287 13
410 57 82
48 182 46
239 46 55
141 410 59
350 157 32
126 320 73
444 416 99
451 106 22
8 246 79
309 198 60
130 468 79
15 271 25
223 335 93
130 3 7
209 386 5
485 10 52
266 408 11
191 403 89
356 164 15
471 300 15
50 347 38
425 213 77
21 474 91
15 355 28
115 246 2
46 100 52
305 416 94
479 204 13
408 4 44
203 178 2
36 487 67
316 194 14
490 17 82
347 408 85
315 172 87
203 140 49
236 358 86
299 381 2
282 74 67
485 293 4
46 70 63
113 24 6
452 133 47
128 464 48
70 251 43
144 331 11
221 157 5
138 314 38
421 143 48
294 57 6
280 236 61
470 307 70
217 349 52
396 220 14
200 223 51
499 307 84
439 468 67
152 88 25
488 103 8
430 198 55
260 376 5
434 299 37
142 103 32
133 359 45
140 270 53
116 7 65
68 392 87
165 80 95
279 0 56
379 37 58
138 214 6
42 330 99
12 28 2
301 62 64
396 73 83
434 273 97
140 197 56
135 228 39
475 348 85
142 336 69
392 356 74
401 244 77
291 419 55
89 219 66
300 41 82
452 64 11
370 401 36
66 55 84
275 194 53
255 439 45
244 380 48
427 130 11
17 442 2
296 258 27
455 55 84
131 16 45
156 148 99
215 144 90
330 467 57
363 406 34
363 186 3
97 14 20
13 350 16
27 66 60
52 210 75
113 118 98
225 449 47
446 469 45
403 18 14
368 62 6
201 333 42
224 356 31
56 385 19
193 236 99
309 294 62
354 178 78
448 265 2
216 3 70
200 22 31
136 47 60
353 467 25
151 71 89
264 117 88
412 471 69
15 126 95
29 375 49
456 96 80
471 60 17
165 51 98
287 406 87
375 114 91
124 145 94
220 4 89
452 16 45
170 382 80
171 294 87
116 220 38
47 262 53
199 402 27
328 442 71
239 41 46
274 327 7
345 240 100
106 257 7
445 267 51
348 282 48
247 5 85
151 144 38
295 389 13
97 272 31
68 339 22
61 187 17
464 137 90
99 132 59
388 184 88
383 283 42
205 232 97
66 406 38
413 24 91
272 101 98
455 230 54
399 129 33
484 25 79
396 180 75
380 186 69
111 349 44
28 77 64
39 41 43
96 487 91
374 72 59
28 386 62
196 60 67
72 52 16
215 216 49
302 364 98
470 392 43
187 278 59
82 373 96
109 291 49
50 277 47
488 495 96
240 2 13
390 264 36
227 440 59
430 485 23
426 166 24
26 293 22
330 229 57
398 138 58
172 306 98
85 466 23
26 427 15
385 439 82
14 74 24
12 385 1
44 25 17
156 354 14
453 40 85
394 409 100
67 414 62
479 445 87
372 93 12
407 161 80
215 188 18
474 464 56
327 172 38
231 177 43
314 301 63
437 196 100
282 310 77
154 183 43
456 444 34
99 112 88
321 400 47
445 352 19
381 28 9
69 47 27
305 430 65
184 368 76
409 73 28
41 398 43
426 71 41
289 384 39
115 108 98
51 103 25
109 144 95
145 53 60
186 242 15
24 268 21
268 465 91
92 170 32
335 52 9
403 64 28
58 411 5
173 364 10
234 328 90
278 110 56
359 193 88
160 45 61
297 427 64
76 478 23
325 190 14
167 421 29
13 124 63
122 129 89
159 260 4
382 281 71
415 253 59
27 419 25
400 219 84
453 301 21
54 422 48
386 95 37
196 154 32
430 340 93
178 333 49
32 297 33
40 123 67
208 136 73
265 280 97
110 252 44
32 381 34
2 51 80
363 22 25
251 226 62
213 243 100
46 319 84
437 53 81
22 449 61
23 253 70
70 159 74
263 390 30
431 18 88
499 453 82
51 424 49
252 71 60
35 447 23
195 171 46
123 87 9
452 241 5
374 168 66
400 474 5
274 347 98
276 186 83
120 396 74
169 133 23
400 320 37
20 188 60
351 329 88
82 122 21
245 24 20
469 391 55
237 408 26
402 266 11
261 281 67
490 11 81
53 152 41
312 464 22
328 430 28
397 475 57
442 477 19
56 465 86
48 201 18
173 293 96
434 165 91
472 95 67
115 486 61
322 265 86
171 18 88
185 457 56
317 117 91
85 44 85
210 170 53
183 294 99
432 14 61
209 80 95
273 281 65
431 87 56
253 136 33
310 253 58
95 390 24
99 449 44
358 110 79
481 140 58
145 258 81
166 285 86
392 395 70
181 7 66
456 45 32
492 73 58
319 75 75
220 342 44
8 177 16
9 82 72
404 332 94
326 217 40
271 124 55
459 220 46
451 218 34
17 172 75
134 396 11
462 265 10
52 39 97
88 296 48
434 483 97
158 51 27
462 226 81
374 471 98
389 427 63
343 461 68
470 322 29
71 441 58
254 22 59
68 287 92
213 407 29
379 495 16
178 285 81
140 478 80
351 286 85
466 270 60
110 467 8
266 92 90
492 377 23
211 317 49
269 377 77
372 189 37
36 154 66
183 39 73
35 290 77
489 138 79
58 203 42
46 216 66
212 354 67
122 426 42
158 87 8
243 9 6
190 73 15
200 214 39
451 95 60
263 424 68
47 48 18
241 418 91
133 255 29
232 483 58
323 438 13
55 35 58
269 369 33
317 363 99
333 347 56
464 497 75
157 249 89
369 182 55
467 292 57
428 58 77
27 90 72
461 314 46
452 354 69
255 438 27
286 77 62
300 408 30
311 7 63
167 148 49
299 498 60
248 277 14
206 111 19
492 200 67
198 118 21
336 48 84
101 150 94
112 151 94
173 300 27
8 11 76
164 261 23
286 413 57
49 283 47
189 482 84
308 27 50
449 483 45
163 468 96
444 410 28
154 410 62
132 315 57
186 261 86
62 467 84
328 156 35
296 81 97
156 154 54
388 51 43
474 475 60
186 418 21
36 220 4
229 143 13
136 425 29
352 6 14
365 145 38
447 65 16
289 285 85
74 225 91
382 260 88
430 292 45
184 36 7
493 399 81
77 47 94
126 226 34
122 140 87
309 132 32
357 2 40
180 492 27
202 265 53
356 237 83
387 419 51
476 36 49
160 403 67
353 444 59
192 117 81
379 3 90
27 299 27
231 198 31
374 263 44
414 340 55
70 129 45
316 116 56
392 43 26
54 371 28
187 105 62
474 245 35
125 50 3
141 278 16
388 68 87
163 439 74
81 294 94
285 373 87
303 224 95
225 211 100
56 78 84
459 16 27
397 144 99
12 66 85
398 315 43
414 460 54
298 313 54
220 233 59
382 410 27
245 187 24
479 448 26
104 164 96
76 421 64
217 412 6
377 196 38
472 346 39
185 158 38
393 275 89
400 221 86
262 319 21
306 353 46
113 101 52
249 107 39
435 208 32
384 222 59
415 335 83
117 303 32
113 135 85
93 476 90
422 43 72
492 125 21
219 32 53
70 365 45
125 481 68
293 308 61
389 65 66
219 241 64
218 250 97
432 294 83
56 221 22
160 302 79
198 129 76
453 444 63
482 376 7
124 463 89
95 247 94
82 403 98
269 442 95
322 386 4
415 413 9
126 52 86
365 415 10
169 125 1
39 55 28
447 315 97
384 418 81
22 60 95
69 93 13
194 14 81
56 215 100
148 308 57
56 185 11
331 300 72
301 299 39
171 146 13
319 17 3
395 271 34
167 493 78
214 260 13
95 28 84
362 291 94
371 259 13
236 433 2
82 15 57
339 323 54
253 398 79
374 16 14
298 447 94
163 358 13
301 207 58
103 333 47
41 0 70
171 258 81
393 143 31
47 237 8
89 188 10
319 491 88
399 81 38
186 404 72
173 335 68
36 54 63
478 355 18
321 71 94
239 360 25
181 314 71
221 42 94
178 496 47
491 159 27
114 32 47
1 68 90
270 161 59
397 425 25
467 168 48
25 411 2
348 103 87
180 11 9
180 268 19
191 438 86
196 458 8
25 334 61
315 395 36
467 152 35
196 208 90
236 57 57
97 70 5
407 92 20
486 455 35
457 69 45
151 422 66
262 456 67
169 231 36
36 109 86
355 289 69
136 19 83
146 184 82
56 28 94
340 346 63
393 272 91
108 376 63
45 192 12
193 321 97
227 233 58
71 283 24
53 195 1
494 48 81
61 16 6
446 45 41
184 257 7
481 257 68
467 279 35
25 356 72
6 54 11
309 154 81
489 55 5
247 327 37
1 414 39
246 199 77
25 73 82
99 294 20
468 402 83
68 52 49
368 374 63
204 165 24
386 237 38
191 458 96
141 122 68
176 99 5
388 295 77
445 286 11
498 18 51
462 408 83
239 18 77
349 323 36
86 84 90
213 459 98
351 337 14
416 435 16
459 421 19
220 281 17
268 420 37
280 343 41
7 59 86
393 230 64
324 311 87
80 175 41
214 421 21
69 134 75
387 422 86
250 89 24
42 106 87
373 419 30
398 472 53
325 333 29
412 72 57
85 42 16
477 1 96
491 442 32
172 378 93
372 187 60
196 182 73
381 448 84
35 181 72
404 325 60
446 377 92
175 274 9
388 115 5
4 64 22
266 222 82
476 405 32
301 155 68
170 277 17
437 21 71
143 462 45
484 292 21
139 326 15
399 228 98
16 218 49
75 222 44
43 91 35
10 371 34
473 206 19
60 145 29
263 93 14
118 336 69
255 142 90
429 324 100
389 404 16
283 126 43
469 433 23
121 81 95
280 449 96
47 24 59
470 386 43
133 192 81
298 131 31
482 105 26
470 351 33
435 299 38
335 19 49
430 57 50
107 69 75
208 123 53
387 329 3
437 443 81
294 102 14
96 437 17
93 55 41
295 269 5
406 359 6
182 294 35
80 428 46
164 208 49
217 433 3
102 325 83
7 47 25
299 222 13
483 291 85
301 132 95
375 282 30
118 420 40
496 166 100
81 124 10
74 150 59
41 436 18
141 45 52
240 193 77
492 188 98
181 324 47
43 104 9
494 229 4
143 325 63
471 151 32
98 255 59
328 428 19
122 123 100
224 268 57
399 293 96
351 232 10
270 239 99
365 56 36
166 124 99
48 51 51
334 10 23
295 339 92
133 99 51
186 329 1
11 355 69
181 481 98
334 435 64
221 270 62
240 322 22
129 156 89
157 140 89
123 366 8
354 440 61
207 211 61
229 499 72
286 244 54
456 392 39
430 76 36
259 295 25
284 384 46
123 444 41
422 452 49
225 253 90
382 246 59
498 454 57
80 20 96
221 134 21
320 79 20
290 467 25
83 300 5
29 349 35
280 78 41
108 457 84
367 157 55
316 215 34
280 316 68
366 310 85
420 274 23
460 489 31
6 431 66
111 368 31
467 26 10
214 479 35
477 375 100
43 217 31
223 237 31
31 450 92
0 233 97
496 17 87
392 108 12
14 43 47
85 229 80
132 20 66
94 53 18
68 468 72
237 301 34
396 213 3
33 260 6
349 62 14
294 333 34
177 263 69
225 149 93
363 248 39
214 151 76
156 355 65
220 114 54
283 340 35
457 392 79
242 428 58
147 223 1
281 349 30
398 0 1
166 452 52
352 448 72
273 381 15
423 171 74
161 444 45
341 445 38
386 136 98
436 409 24
4 353 67
109 263 57
433 250 82
217 192 11
430 428 97
358 230 47
484 279 98
379 261 44
483 96 70
204 492 92
258 381 87
435 184 60
131 457 92
315 120 82
189 55 84
133 339 11
476 31 30
272 275 26
286 452 46
311 15 58
125 158 84
10 226 65
482 419 13
131 18 22
296 342 39
421 496 68
413 202 36
457 491 5
419 119 96
499 275 13
279 29 30
274 350 99
484 229 17
107 153 10
206 314 70
432 336 65
360 230 34
22 450 76
444 430 81
27 268 36
193 149 86
159 438 22
471 270 17
266 80 33
204 18 65
17 194 32
329 197 87
9 287 73
184 208 97
441 82 55
130 450 13
349 31 51
249 273 86
21 313 42
412 307 51
210 199 38
279 226 66
234 2 91
212 377 37
52 309 68
155 483 12
225 281 8
285 238 98
63 211 47
194 139 93
82 50 88
425 399 76
244 93 77
276 441 59
201 110 38
269 7 19
212 229 10
156 402 82
211 147 50
458 383 49
420 312 14
452 114 5
231 427 83
459 34 68
0 228 49
381 394 56
8 173 5
302 403 67
396 312 65
469 243 22
192 417 89
321 4 14
180 64 44
160 140 67
413 126 42
21 471 46
244 132 4
142 278 38
477 482 66
358 290 67
154 437 38
264 284 44
30 249 25
35 204 33
164 71 50
459 423 92
454 255 11
241 353 37
66 243 11
475 122 26
233 111 15
122 267 87
374 340 71
158 63 5
194 297 50
92 412 30
277 24 13
201 106 42
47 120 88
167 377 36
306 489 29
257 94 76
456 101 66
125 497 45
249 306 57
210 359 79
201 318 89
405 243 98
149 239 68
84 118 57
333 316 20
9 470 4
123 253 68
489 56 22
266 155 54
405 2 15
314 242 25
13 443 32
338 498 68
191 472 52
330 214 41
305 248 100
415 457 22
182 389 1
215 229 32
61 116 63
71 285 98
73 241 20
11 335 25
286 256 70
425 37 12
414 126 10
308 203 5
33 379 14
124 130 31
492 403 54
493 283 40
301 448 3
496 449 30
184 21 77
389 182 50
95 196 17
498 465 58
152 14 100
330 44 22
378 111 93
45 82 97
455 273 87
303 194 86
123 24 37
250 251 20
274 438 38
144 217 96
278 193 69
8 366 26
240 65 49
398 153 96
95 190 13
147 266 70
403 444 57
310 128 6
96 447 49
72 89 27
475 496 66
234 261 60
222 178 96
437 6 16
179 216 57
408 81 95
139 155 90
38 64 40
219 286 49
139 118 93
491 166 91
310 163 55
38 335 66
205 428 36
161 262 29
444 7 81
107 455 49
475 103 34
399 273 76
336 272 18
188 62 69
340 179 83
431 428 89
421 91 93
257 440 4
239 359 35
213 340 43
290 402 66
57 242 73
328 301 87
445 222 17
32 445 74
322 196 72
116 141 38
308 347 29
81 492 67
292 357 42
174 424 77
417 34 32
238 29 40
428 36 11
107 402 51
335 3 69
122 95 55
489 243 74
251 313 35
168 219 75
438 201 62
345 347 86
39 266 8
281 10 3
176 456 26
185 73 87
95 67 83
35 443 76
383 276 58
116 78 2
296 170 91
112 272 6
364 138 94
33 69 56
312 322 82
108 405 41
491 4 86
192 160 26
439 129 68
287 455 24
356 205 10
74 420 98
294 194 90
64 335 86
255 226 8
447 335 6
398 91 16
299 142 29
409 435 43
399 34 79
319 268 40
68 477 70
165 176 61
359 7 36
82 269 24
372 151 99
314 268 32
265 477 57
153 379 51
336 396 85
309 447 53
380 67 45
40 18 53
193 391 8
490 249 60
184 418 58
435 19 57
453 377 65
294 132 21
23 133 7
139 291 8
403 429 53
439 17 87
380 434 100
329 191 26
224 454 38
9 228 23
146 127 7
466 331 97
240 362 56
88 166 35
203 336 35
234 330 90
150 433 41
414 356 37
496 494 65
285 70 97
437 64 26
7 234 73
268 309 45
130 497 85
21 9 75
68 186 64
485 392 30
184 213 94
182 216 43
391 128 62
357 346 100
377 175 10
480 400 80
73 426 22
19 427 20
456 194 70
60 54 6
323 267 76
229 232 68
77 486 31
48 210 17
50 124 57
13 424 32
59 110 5
497 226 30
458 85 25
456 246 65
417 169 69
366 478 11
39 274 78
4 304 2
41 15 63
288 129 13
434 292 33
456 15 22
143 401 55
301 434 56
119 38 59
82 185 29
497 88 8
380 402 83
141 174 58
346 257 60
117 188 30
392 415 89
157 43 61
150 478 1
342 158 33
186 239 83
65 219 66
351 428 75
206 270 80
78 213 25
378 29 59
160 86 19
350 265 20
177 256 24
220 77 10
464 37 42
168 189 18
415 483 38
31 446 48
99 156 56
183 363 52
435 93 46
445 16 98
411 173 11
262 29 98
313 310 88
444 231 26
211 209 11
363 166 2
40 462 65
224 132 25
285 276 87
408 458 35
7 134 89
310 291 3
130 447 47
190 496 84
34 229 33
260 100 19
71 454 6
42 120 65
15 269 32
374 288 99
462 98 11
292 285 86
499 149 91
446 287 98
472 264 72
97 380 59
442 498 41
317 109 27
74 433 47
140 155 23
164 270 10
38 281 41
111 375 85
331 307 31
7 216 14
181 455 17
342 30 64
395 377 24
234 209 80
85 393 72
316 375 35
468 171 38
148 107 25
176 427 67
342 289 98
238 190 91
285 490 33
3 369 96
177 62 62
308 435 35
248 94 100
53 280 90
191 188 74
135 231 24
439 366 17
186 430 43
222 132 66
286 358 60
79 223 27
303 192 85
78 269 22
461 173 47
361 404 55
331 252 59
274 402 57
394 307 87
336 247 92
255 209 97
14 52 32
19 316 65
330 100 56
144 272 55
74 478 81
103 285 16
324 402 49
29 13 21
211 20 91
257 444 85
106 312 100
101 219 80
469 222 55
318 44 64
297 417 85
11 433 4
455 157 13
224 154 96
440 64 51
175 12 51
269 246 100
82 422 86
397 403 37
16 297 77
396 295 55
279 295 79
330 120 97
141 448 18
433 40 75
7 95 39
392 213 88
261 381 7
455 398 52
434 8 55
160 153 67
239 461 33
357 433 51
223 394 36
46 157 12
61 276 38
128 74 77
377 342 7
227 87 90
385 135 41
480 293 96
485 390 72
490 412 20
300 285 98
186 371 79
486 10 53
381 392 13
363 268 88
64 462 63
433 496 76
266 71 1
53 277 55
11 410 61
245 364 27
311 141 87
19 287 87
177 392 47
391 349 58
133 93 75
304 47 92
42 402 44
219 71 21
291 94 21
256 437 19
497 249 49
196 477 44
320 2 91
188 408 56
257 480 55
455 68 94
418 6 97
210 286 76
36 101 56
408 106 48
88 63 73
141 333 64
214 445 24
65 484 93
342 252 87
239 366 41
235 116 81
415 495 100
303 354 90
489 393 91
34 344 59
99 150 94
440 195 41
378 491 48
147 279 87
30 146 87
273 412 65
302 252 37
376 59 26
60 289 75
38 37 11
114 158 79
360 411 37
231 444 82
116 302 7
0 497 100
484 28 97
398 494 15
83 191 14
294 264 48
413 14 63
310 109 4
75 14 50
264 157 5
293 94 40
298 384 16
265 87 4
228 367 53
20 122 5
22 373 64
100 492 65
298 183 99
387 420 35
175 215 52
485 386 29
446 318 71
219 141 58
109 234 60
58 370 53
155 36 92
328 57 89
360 276 89
86 331 48
290 254 18
407 329 39
360 425 86
171 482 24
429 245 52
137 336 95
275 344 91
498 168 9
282 173 62
470 477 36
144 27 97
301 73 22
232 121 42
132 10 76
22 225 26
450 466 78
442 480 70
68 103 24
447 18 38
43 346 82
223 280 90
462 291 73
480 54 37
183 329 13
496 172 3
333 289 67
448 251 21
127 403 91
224 380 20
352 263 19
366 480 45
338 304 22
377 486 1
136 41 12
457 103 84
358 108 61
175 335 6
228 17 87
111 449 59
256 33 99
172 250 10
72 375 70
359 150 20
353 372 73
457 28 94
291 227 35
273 103 33
272 379 91
102 13 67
490 119 37
261 35 11
172 77 15
56 340 72
374 326 9
359 43 10
398 115 22
381 158 72
412 191 82
237 488 56
236 259 20
136 350 21
287 316 14
395 70 53
74 157 80
248 213 70
82 259 97
254 18 84
303 200 46
30 118 37
78 115 4
219 18 1
481 263 36
453 19 98
94 276 14
194 129 63
187 272 53
34 433 51
357 151 84
288 433 83
187 294 95
178 353 16
292 478 47
427 51 47
197 363 32
0 354 83
144 235 11
396 270 5
143 140 12
90 201 100
69 237 96
215 455 96
132 30 94
348 165 81
277 456 97
75 433 77
354 430 78
63 175 49
377 375 22
341 328 92
343 183 94
426 37 84
19 152 20
187 101 84
250 426 69
225 81 34
210 289 47
422 403 94
74 189 73
229 498 77
86 313 68
337 16 76
120 225 59
159 495 34
78 405 16
286 373 39
477 434 78
198 368 58
493 14 49
425 66 89
191 375 71
118 221 91
305 461 94
299 258 19
198 332 69
379 187 98
177 326 68
58 309 17
361 317 92
252 224 9
481 337 55
217 175 98
169 46 44
144 107 78
210 419 11
338 54 6
468 101 52
301 41 19
374 390 98
28 310 66
373 213 29
319 45 64
225 404 18
463 436 49
212 441 21
459 499 79
9 118 94
150 274 41
383 407 20
207 18 67
337 208 74
496 366 33
53 489 69
351 140 65
283 71 98
158 107 54
204 116 1
178 30 98
102 80 50
198 470 15
9 405 67
94 247 16
194 27 82
51 173 83
497 292 73
404 452 61
439 376 88
195 456 23
342 458 39
27 406 83
322 309 56
307 295 22
25 137 37
431 411 2
16 173 35
476 258 56
206 467 71
230 120 98
261 379 61
435 281 71
384 487 60
33 479 79
164 166 34
179 127 89
205 485 12
185 422 1
349 227 13
101 63 42
490 61 31
216 381 30
350 65 83
158 170 34
160 264 87
88 254 65
457 268 23
426 251 86
385 426 79
256 66 71
274 217 15
77 421 64
292 499 38
208 31 1
362 36 66
462 68 61
287 22 90
401 228 3
48 172 60
32 169 92
156 310 39
273 308 11
257 98 77
387 237 4
457 293 75
385 186 89
30 322 30
65 176 33
220 276 20
344 70 61
90 321 92
25 233 28
191 365 79
49 237 13
413 179 87
227 154 37
225 341 31
378 332 13
362 428 65
298 75 85
152 444 21
347 47 30
222 84 47
384 155 56
296 24 77
173 309 59
224 166 95
311 449 75
457 247 93
191 148 24
466 427 65
352 315 88
223 214 6
191 246 42
408 341 72
147 57 68
441 31 95
63 414 35
252 97 4
367 286 71
453 11 70
151 132 22
167 33 15
126 459 96
351 177 44
330 243 87
433 398 22
428 363 29
74 212 99
440 450 77
465 124 46
429 89 62
155 422 15
199 183 6
376 258 47
432 138 2
25 336 41
119 241 59
314 207 66
499 195 68
392 349 100
357 393 17
420 326 31
296 308 9
470 122 97
449 186 62
88 256 50
353 109 43
64 131 36
394 470 53
394 176 39
327 470 50
473 245 47
458 93 35
414 206 94
327 497 9
301 409 26
457 1 20
475 238 30
343 257 39
161 404 10
456 376 59
368 175 45
353 355 99
222 312 21
175 35 38
399 224 47
322 451 71
123 260 44
61 162 18
327 457 17
58 48 9
355 395 96
158 321 44
450 419 47
195 442 60
291 123 96
269 152 41
350 111 83
418 292 95
413 122 6
369 60 23
334 154 57
402 184 46
339 488 17
499 130 72
100 499 22
257 177 62
52 478 87
282 476 85
114 153 74
32 279 29
408 434 65
392 258 90
361 107 19
103 232 79
343 191 35
354 237 13
359 362 30
221 479 16
320 429 50
413 136 19
131 39 15
97 115 39
384 294 42
10 305 35
245 224 19
75 155 4
261 128 16
132 55 16
90 158 63
111 435 73
300 247 63
128 322 5
468 283 66
49 473 14
124 216 6
292 336 53
373 275 2
352 108 86
221 225 52
366 369 48
147 378 50
329 170 16
147 16 51
133 54 38
311 368 51
153 112 48
438 456 33
298 78 21
361 55 69
410 26 31
473 414 31
413 173 46
363 280 43
486 259 57
272 268 23
396 246 46
446 128 64
71 270 93
438 190 94
286 65 69
170 187 12
217 113 73
93 250 82
244 144 18
197 15 96
482 317 57
475 185 73
375 488 62
65 446 77
153 43 93
376 123 48
410 32 3
281 219 76
350 457 13
162 378 85
389 309 12
223 13 80
285 386 55
427 434 90
16 259 51
292 165 5
35 432 45
486 107 11
308 46 67
337 119 71
291 221 48
440 231 31
475 6 57
447 228 51
32 108 79
206 328 25
148 185 88
378 458 22
278 408 100
258 467 73
255 46 84
201 393 68
409 441 73
20 43 40
145 366 45
70 326 51
340 485 92
390 324 15
301 333 6
459 67 63
446 352 41
242 433 18
365 105 24
350 296 32
441 107 25
398 205 92
414 96 98
205 431 12
85 207 46
365 431 28
211 460 72
336 65 87
361 237 20
352 270 63
34 157 80
261 56 18
385 160 96
106 383 42
141 468 18
224 77 52
232 486 67
190 141 32
145 6 10
472 153 42
349 114 47
94 158 7
236 276 76
280 121 30
237 325 81
186 490 82
382 130 26
232 85 1
60 246 80
100 144 31
151 456 11
70 385 87
147 92 47
58 208 69
290 441 38
230 42 41
353 308 83
401 146 75
354 460 67
348 113 41
55 384 58
477 157 80
127 146 85
225 260 3
411 92 3
458 8 32
370 477 71
284 482 82
463 93 12
192 213 42
493 457 7
244 160 2
289 81 77
307 422 68
343 250 20
109 419 43
180 79 12
173 342 46
470 277 40
273 454 34
258 175 9
422 484 38
44 392 43
136 105 9
257 167 77
326 176 35
349 429 39
2 354 37
495 59 30
162 421 59
143 397 60
240 260 41
176 361 66
356 46 94
315 156 27
250 122 79
180 212 85
56 369 28
321 149 1
131 238 54
33 158 80
251 388 52
61 274 94
275 169 91
73 333 28
378 245 11
429 311 89
299 278 66
173 270 100
434 285 43
190 85 33
261 134 78
52 495 48
66 455 52
95 461 97
419 414 31
244 27 92
463 422 40
361 265 66
322 160 4
419 343 66
149 128 7
444 483 85
390 50 27
331 65 88
478 246 33
369 161 98
304 234 68
177 23 94
406 374 75
134 104 39
397 305 81
54 303 67
2 168 63
463 175 40
497 165 94
218 33 25
38 3 40
330 39 91
223 185 44
17 319 7
139 105 38
117 194 26
349 150 22
221 387 65
262 79 30
201 57 72
241 387 59
498 26 90
59 321 93
211 448 92
82 270 96
220 215 79
283 347 61
418 498 83
354 15 64
490 372 80
107 372 17
390 165 40
456 310 95
90 477 58
139 16 51
125 312 77
288 476 61
174 204 72
411 291 13
315 406 44
99 213 87
283 207 84
256 283 6
108 245 31
449 378 74
307 483 81
436 132 96
479 74 33
11 153 46
121 284 33
72 259 5
286 84 57
376 193 90
175 93 74
460 231 98
280 302 16
375 175 1
241 321 9
243 40 2
278 372 39
364 454 75
105 128 35
8 325 18
379 167 12
252 363 42
384 364 3
94 285 3
220 274 83
81 184 17
124 94 82
105 404 1
460 211 68
197 209 85
277 3 19
322 212 78
248 334 14
110 145 83
394 110 72
394 72 82
105 22 87
202 133 71
430 115 40
173 321 4
106 196 64
274 410 57
462 451 7
132 370 51
357 219 66
470 137 98
265 57 43
228 172 82
93 22 1
305 207 32
272 415 27
365 125 32
488 409 5
162 311 7
463 222 94
288 18 61
301 86 94
161 135 11
96 78 18
191 383 97
248 80 21
20 318 45
65 433 40
242 142 35
84 329 82
261 367 49
490 86 6
393 111 95
374 101 68
390 357 31
317 79 42
248 294 10
229 28 92
313 267 28
91 5 7
199 96 76
126 216 37
206 210 18
493 333 35
388 425 97
367 50 3
438 490 94
122 413 79
114 85 7
371 105 80
373 17 6
211 144 38
327 264 57
412 272 44
115 323 66
267 251 79
150 492 24
73 323 30
143 242 16
84 260 5
13 382 42
268 337 44
74 204 52
197 175 31
325 33 46
250 263 33
72 429 58
176 380 65
423 446 36
451 316 93
398 389 4
385 153 35
436 421 92
133 208 51
67 234 12
311 420 18
471 108 22
262 88 67
462 197 12
406 458 27
230 255 53
4 475 54
104 224 6
398 161 100
441 124 5
154 336 64
303 18 13
408 113 18
454 76 73
182 297 13
25 354 85
455 54 94
310 207 25
374 473 24
349 170 9
271 104 36
6 18 57
371 170 17
204 353 55
18 4 58
284 307 21
138 408 73
371 59 75
59 77 61
395 219 67
272 348 76
184 301 14
233 39 88
182 225 79
154 373 58
240 440 62
189 379 51
152 28 53
24 496 77
448 491 91
68 134 22
271 22 60
236 377 31
236 459 31
385 189 12
477 350 69
328 25 71
367 255 39
339 176 99
383 164 81
450 110 30
132 313 64
43 496 27
473 85 91
493 402 25
465 252 71
219 47 58
84 351 77
224 283 84
37 106 54
341 148 46
215 403 44
386 220 74
134 70 88
89 66 66
136 434 62
31 330 72
136 107 59
263 357 32
49 159 19
458 317 8
19 319 40
377 34 5
363 236 40
301 283 71
335 295 31
273 153 11
437 351 18
211 145 14
76 131 80
225 12 29
247 392 80
275 385 8
139 436 1
465 290 44
265 123 31
153 435 63
367 273 9
301 368 94
96 365 48
179 142 53
51 26 11
318 125 70
392 362 28
407 32 38
441 72 43
52 63 22
161 415 99
277 406 68
132 3 56
342 412 84
222 175 35
142 50 48
423 425 13
354 384 65
204 452 21
151 311 59
25 35 97
159 389 12
195 459 22
64 169 28
122 453 40
257 41 83
238 333 19
362 321 2
109 149 80
339 117 36
176 186 45
91 395 60
379 33 64
9 419 37
61 104 86
336 427 95
296 354 1
270 281 100
442 495 79
416 132 19
383 115 24
252 78 43
406 453 79
214 159 53
78 330 3
89 29 88
292 467 12
458 310 72
271 82 58
94 234 11
403 232 16
499 140 38
411 437 80
243 33 49
292 418 30
98 223 41
316 75 99
345 26 99
307 324 29
58 181 34
14 483 95
371 6 31
132 201 8
472 450 18
144 254 48
280 72 25
274 408 65
266 482 90
102 284 41
147 445 98
148 80 45
109 0 27
105 278 96
124 271 100
159 293 43
371 64 11
103 30 81
341 155 45
48 343 98
105 385 31
67 293 4
303 201 57
234 177 28
131 378 66
470 115 81
415 464 45
326 194 14
465 355 85
405 290 12
378 67 36
341 384 12
332 202 63
445 177 30
62 121 73
426 131 24
174 398 47
30 488 40
138 10 62
364 486 23
483 156 16
402 391 93
208 486 54
103 106 14
43 403 80
78 99 4
352 141 72
337 264 24
415 257 63
29 184 83
242 259 35
8 331 89
357 190 69
259 468 75
456 87 90
254 332 92
435 314 50
450 161 28
127 313 78
30 303 63
465 224 24
11 242 65
366 293 44
86 406 87
326 140 28
373 33 16
355 414 31
203 355 38
305 169 89
59 85 71
67 110 64
281 472 52
128 175 73
144 46 51
444 113 67
268 95 59
47 404 41
232 294 71
240 110 46
176 273 28
491 45 53
440 216 37
117 1 81
185 454 66
410 62 83
348 57 43
324 386 95
189 490 74
26 478 14
460 44 5
358 188 80
60 281 26
74 243 15
353 432 54
416 26 30
482 258 57
362 145 20
149 305 72
212 28 23
462 156 22
411 410 29
376 100 36
375 222 57
41 426 50
463 375 50
367 131 87
107 271 85
280 204 32
31 102 29
196 446 3
498 122 34
40 58 58
485 2 56
308 147 17
201 225 19
248 51 93
13 329 81
409 434 9
211 385 89
385 7 56
122 346 68
18 228 37
89 472 2
415 179 8
202 427 97
201 499 8
97 363 85
65 63 8
108 43 78
332 370 45
482 350 29
143 58 45
452 332 6
426 107 83
228 374 54
12 457 62
276 135 92
158 204 77
421 377 95
173 68 78
178 347 39
168 368 4
413 410 8
152 495 9
171 365 91
415 475 20
68 351 40
61 368 67
183 9 15
459 77 85
356 213 96
413 98 13
263 467 3
305 61 80
372 161 6
61 184 62
54 334 12
374 474 90
296 48 62
48 29 12
475 457 21
391 249 40
260 442 67
10 287 66
257 221 93
235 266 49
9 62 14
55 422 67
471 328 59
317 65 5
61 198 68
195 106 49
410 498 70
496 143 54
63 99 80
479 173 35
262 457 4
98 287 73
135 416 2
271 218 80
469 167 35
253 478 83
7 306 24
400 379 34
257 86 13
355 391 68
381 178 46
77 46 25
280 424 50
344 32 41
384 251 59
371 445 99
124 172 19
246 117 19
80 327 81
211 46 75
444 368 2
75 187 64
141 374 76
81 343 40
390 470 20
63 289 57
153 106 88
94 346 12
357 200 22
43 297 58
205 433 53
335 434 96
65 163 78
85 276 27
460 463 45
57 465 56
425 257 99
244 396 2
114 107 4
88 219 38
243 219 61
360 37 54
407 301 83
23 113 23
312 370 41
345 152 93
402 240 40
184 398 7
107 218 33
35 395 40
266 365 34
359 492 82
497 444 2
480 98 46
323 41 20
143 315 54
304 355 11
79 325 14
276 331 23
457 317 47
326 90 21
25 401 82
122 474 56
60 214 23
29 197 64
389 44 78
246 485 96
57 386 34
369 284 43
330 188 82
384 380 89
186 210 37
488 307 78
378 375 6
319 99 12
158 32 18
295 66 99
459 174 77
454 313 28
330 484 5
421 102 92
105 351 65
396 466 25
356 248 4
103 234 38
129 304 33
119 149 86
471 278 15
416 205 22
155 382 92
417 477 58
253 107 78
307 20 66
479 106 17
189 342 35
0 305 92
477 237 99
188 312 92
114 132 27
202 174 88
62 256 9
185 193 30
421 337 19
169 127 2
82 379 80
496 491 97
474 118 58
308 297 66
299 357 28
472 239 35
4 142 87
234 304 19
387 171 35
480 157 97
462 467 24
110 187 14
138 64 83
42 92 56
75 201 91
401 352 47
30 343 7
64 297 57
469 254 44
105 107 62
90 38 55
5 140 98
46 486 62
481 16 62
333 303 60
470 318 89
436 449 48
257 359 29
244 366 65
473 281 46
197 480 60
494 395 35
307 170 20
16 258 97
494 256 32
281 445 45
331 432 77
298 19 86
188 170 15
338 107 98
0 425 3
258 308 86
116 453 36
445 419 69
376 171 70
53 39 36
241 233 7
217 127 89
99 452 85
172 383 53
324 280 84
370 43 67
208 230 11
81 4 45
28 444 9
287 273 49
333 248 45
338 483 47
46 42 3
372 46 10
98 461 47
59 116 5
396 76 71
397 273 67
21 200 32
203 251 26
422 181 23
222 130 65
476 139 63
156 91 99
257 398 35
21 296 100
94 147 62
458 150 62
275 260 25
368 14 54
71 186 56
224 303 20
43 27 37
435 136 57
62 209 93
430 397 49
133 186 80
351 258 70
276 171 87
343 82 42
104 82 99
276 70 93
313 169 58
107 156 27
242 385 66
124 431 98
474 385 52
57 98 3
124 468 35
52 335 12
385 491 32
270 140 59
39 306 21
388 134 31
238 82 94
129 30 85
227 192 56
26 316 14
280 22 92
328 134 56
283 175 57
289 58 12
8 319 34
52 341 52
102 174 85
330 317 20
486 112 73
58 485 65
65 220 83
22 56 67
201 462 78
89 82 16
2 251 99
150 351 90
402 490 42
92 423 41
10 5 16
61 486 21
420 194 10
87 268 77
24 278 32
403 76 17
381 78 39
90 222 64
121 77 74
498 474 45
11 4 38
448 391 53
345 217 8
339 198 54
367 442 90
417 53 91
409 146 98
96 408 44
342 320 53
187 473 93
472 288 80
27 154 30
283 405 34
413 182 75
375 423 67
456 49 94
306 287 34
229 340 69
80 5 35
254 410 45
324 476 22
442 427 98
23 371 11
421 370 81
0 90 34
65 493 44
42 326 11
397 241 73
215 18 28
7 494 85
312 2 64
469 282 26
431 462 65
62 197 63
324 448 96
299 249 71
471 269 95
13 345 23
475 144 73
382 378 88
173 113 11
396 365 47
371 95 12
359 495 33
409 142 19
20 363 66
28 131 16
228 350 60
6 221 17
8 207 64
490 6 81
101 200 37
396 283 14
449 315 43
451 285 50
254 390 24
484 474 32
12 421 76
416 38 38
280 6 5
471 100 89
114 197 24
260 265 38
58 87 17
118 41 73
163 285 38
435 254 99
263 44 23
460 13 96
80 206 50
219 293 60
426 213 32
179 93 16
240 456 3
81 470 51
251 454 51
128 187 82
370 475 38
329 359 94
338 173 61
432 458 13
425 108 11
476 106 19
178 336 76
382 244 25
52 211 77
278 242 22
497 244 35
90 252 51
364 197 48
323 19 80
105 416 33
148 351 98
211 29 16
133 219 61
364 52 10
447 456 69
87 248 82
304 367 68
30 338 71
23 323 70
176 84 62
26 309 42
274 201 34
391 182 94
395 235 75
218 190 5
398 476 4
318 207 84
352 471 17
347 355 94
289 143 33
310 332 3
418 115 66
454 397 100
203 320 63
381 347 69
368 267 3
401 391 99
78 251 13
78 26 53
139 331 80
194 5 25
257 435 24
1 171 96
238 265 21
324 197 97
226 359 85
413 5 22
29 455 15
149 194 25
79 329 28
149 300 46
220 343 30
34 380 34
228 91 90
262 233 23
71 106 92
329 136 82
4 110 91
432 254 66
409 136 67
249 407 27
191 424 19
196 326 18
293 443 12
173 209 60
316 66 72
21 480 17
42 475 44
304 16 66
244 181 55
428 146 3
165 306 54
158 471 73
47 486 9
157 72 91
427 368 88
260 264 48
431 279 69
38 127 10
219 308 99
239 129 72
129 104 13
348 6 87
89 353 90
72 158 7
102 49 66
492 249 62
113 229 49
159 433 32
159 202 74
163 22 56
476 214 78
307 315 74
365 340 18
447 199 58
122 481 57
175 348 94
291 322 37
360 337 72
424 39 19
415 56 36
495 126 27
241 71 47
478 46 93
242 452 6
357 212 75
409 70 52
484 377 74
431 352 73
292 11 1
302 56 94
104 69 19
108 289 27
280 354 11
476 279 63
418 332 17
320 101 71
47 142 27
319 135 1
159 183 7
425 24 16
389 162 30
204 234 76
117 116 8
163 185 94
231 302 14
220 117 15
449 183 52
6 7 73
439 409 28
178 157 78
168 389 38
204 8 72
117 213 63
56 240 67
46 87 34
377 197 14
367 499 88
67 439 89
336 106 73
130 427 20
148 273 27
212 488 49
464 476 80
383 45 11
396 29 59
252 184 30
439 314 66
165 475 51
229 182 71
13 362 52
437 232 44
23 478 94
228 244 91
203 239 29
362 11 70
275 52 41
353 231 33
17 188 33
18 376 27
369 337 96
294 171 43
470 413 36
167 184 67
171 425 40
302 242 5
34 90 57
213 485 82
140 229 61
300 276 67
31 144 8
284 127 100
255 211 95
430 494 16
88 218 96
301 175 68
205 88 21
224 390 61
316 5 4
189 175 99
473 385 32
50 453 95
444 405 23
165 359 40
105 320 94
245 246 4
132 312 30
103 22 58
324 383 21
190 102 88
60 222 11
295 44 66
141 228 92
411 424 5
415 278 84
327 220 6
352 200 57
456 47 91
211 307 91
481 363 58
142 59 24
420 210 77
426 170 52
232 413 59
51 23 63
447 324 47
222 492 64
489 347 26
9 302 70
338 211 82
326 157 69
199 267 76
437 335 40
397 18 47
273 167 1
451 41 52
412 297 15
64 314 27
353 363 55
384 169 98
423 498 54
443 91 47
410 72 62
169 311 79
203 61 44
323 182 17
338 414 37
193 178 39
432 471 36
28 247 25
26 7 18
79 37 40
438 493 20
240 477 44
417 366 39
124 167 11
201 227 85
133 462 33
81 338 68
245 424 5
484 309 83
322 31 82
428 484 78
201 76 28
326 101 18
148 495 64
356 216 73
118 483 35
140 309 33
184 359 94
75 179 8
171 327 60
204 458 11
372 328 39
123 67 3
445 380 75
480 94 42
481 108 25
126 229 64
441 179 98
28 454 77
301 133 6
477 343 86
137 377 24
248 399 51
113 200 2
86 429 95
217 311 94
256 150 34
308 123 79
485 170 82
379 248 95
437 329 63
265 418 36
477 494 41
161 84 30
278 152 85
12 278 69
272 27 62
17 438 69
231 296 86
9 180 73
170 46 73
435 441 29
65 376 21
223 279 83
368 144 28
445 173 42
181 428 88
321 325 55
7 219 75
107 187 87
466 173 35
9 206 4
110 346 65
307 67 55
184 483 89
415 387 42
196 13 58
154 278 12
325 186 69
35 51 50
57 95 95
230 287 80
102 322 56
188 314 43
236 102 59
228 395 56
108 254 20
247 380 42
134 137 77
195 454 76
74 122 75
482 343 42
454 90 35
398 125 38
340 210 89
309 115 35
111 64 86
41 307 73
180 185 62
394 385 61
199 158 9
435 140 2
420 147 89
422 246 54
432 348 21
68 168 61
197 282 5
36 343 44
52 354 31
83 452 40
47 481 70
361 183 28
213 337 91
313 113 66
284 393 61
493 97 13
286 441 17
218 455 12
365 411 39
465 324 1
452 388 93
345 168 64
320 279 13
193 266 13
21 135 53
5 224 19
265 427 20
247 315 55
159 76 64
302 455 70
65 326 64
237 16 32
485 227 62
103 380 66
225 430 59
148 296 65
214 208 70
161 212 85
65 320 76
325 178 9
383 185 22
106 47 48
362 459 38
365 263 95
327 40 72
440 130 100
301 83 65
14 367 70
490 214 75
271 14 49
377 407 21
350 0 73
38 272 25
397 190 50
287 99 70
47 494 51
310 274 7
81 367 98
319 180 59
306 415 72
9 106 5
472 347 40
142 273 91
276 430 58
448 152 53
288 49 66
336 213 44
117 27 65
258 16 67
239 204 92
158 434 12
210 196 49
382 150 64
321 379 2
303 209 9
443 248 71
289 198 54
180 393 98
445 231 48
431 101 93
156 184 60
158 354 74
164 27 22
166 224 99
244 202 88
240 257 9
33 128 44
61 494 75
294 410 52
231 262 52
343 217 15
126 467 74
436 26 17
124 430 77
116 64 55
456 366 88
311 442 56
148 91 16
172 406 100
487 205 35
176 185 78
394 277 79
333 346 55
334 251 33
437 9 14
39 278 65
412 230 13
47 119 24
377 323 52
218 265 2
131 477 61
53 236 64
397 341 98
62 430 80
146 393 15
467 340 1
33 26 61
74 425 82
60 257 4
384 265 98
138 321 12
169 277 94
321 233 23
330 57 38
33 454 19
194 247 100
221 181 21
50 217 16
371 472 13
161 153 54
409 8 4
241 163 43
369 277 12
267 146 1
260 458 26
71 220 40
197 183 77
185 333 78
449 322 2
435 221 30
201 109 65
487 145 97
288 364 42
67 139 55
43 57 65
242 282 9
287 225 68
72 204 88
190 330 92
307 73 84
392 350 21
494 278 3
206 351 50
7 189 74
240 77 71
169 227 23
353 354 24
246 447 32
241 261 70
53 271 72
60 249 95
15 418 84
386 476 64
48 154 58
70 431 52
29 357 54
144 476 51
273 204 63
439 138 60
84 495 90
231 154 88
232 107 72
320 251 11
423 231 85
206 460 28
471 54 11
410 364 92
0 459 24
323 429 86
150 300 45
409 120 65
149 442 26
179 379 93
284 67 65
266 423 9
291 250 94
30 49 48
72 10 89
367 158 61
257 106 93
39 331 29
385 287 13
348 385 23
314 434 74
70 143 29
391 162 61
422 98 39
129 80 88
11 57 37
371 395 99
308 210 25
22 257 82
440 275 28
357 52 43
236 28 8
18 315 70
297 186 9
326 284 52
102 384 45
34 192 76
312 104 80
418 43 25
292 108 52
129 489 75
54 413 42
139 301 51
176 263 16
429 464 22
239 309 70
344 489 54
330 181 9
489 310 36
8 1 10
485 93 5
246 386 29
458 146 71
165 414 7
491 247 77
233 2 3
182 372 62
258 97 1
135 434 46
403 23 77
211 116 59
493 151 52
193 371 41
208 496 43
158 286 36
247 220 90
7 16 68
243 183 31
28 271 55
100 269 53
441 433 75
218 470 90
65 360 76
93 169 99
406 239 42
39 375 78
275 490 88
268 67 55
312 63 34
314 118 46
191 425 96
368 359 62
345 494 47
138 93 80
286 9 62
304 404 2
230 173 72
83 428 40
102 409 47
249 127 56
200 6 59
272 396 48
78 372 37
376 470 42
117 240 26
353 463 25
380 211 17
444 57 4
153 279 55
20 152 88
8 90 67
249 234 34
109 363 74
84 312 36
142 123 57
406 494 29
193 381 17
403 456 76
453 317 44
232 221 28
323 464 44
266 227 37
151 420 20
356 167 37
342 484 8
464 283 91
361 327 15
445 89 67
204 54 55
257 371 73
483 91 24
478 428 27
268 484 70
49 45 86
143 350 33
408 9 10
190 287 34
450 342 7
30 197 25
417 77 77
450 6 8
76 407 4
429 61 63
234 480 18
174 434 53
37 353 21
64 36 9
111 24 15
120 356 64
257 121 50
413 416 15
114 268 77
455 237 29
254 373 33
199 104 31
8 489 7
268 359 80
235 109 81
268 197 39
60 118 5
232 469 97
208 89 49
452 245 1
339 201 20
479 252 53
212 418 8
227 423 59
17 309 78
30 394 13
156 67 84
97 203 17
283 13 90
369 57 20
392 408 63
320 370 38
58 15 67
436 339 6
77 274 67
303 283 90
454 122 56
297 233 54
288 4 47
128 486 51
442 78 90
192 375 80
118 32 100
166 346 68
349 124 34
337 73 22
269 36 100
446 61 39
56 131 83
308 122 75
166 103 87
269 435 18
162 265 41
326 96 25
271 486 96
71 170 18
303 91 5
309 377 50
103 286 61
461 206 3
263 408 31
342 71 93
217 167 85
19 267 2
92 265 54
448 334 78
169 304 89
338 175 7
370 134 55
161 236 95
321 435 36
18 229 93
240 230 63
9 201 16
436 438 72
449 200 78
158 347 11
418 469 51
11 494 46
228 137 34
64 250 84
94 280 4
274 496 89
470 164 69
9 290 96
441 453 78
282 46 14
355 347 17
288 384 38
60 197 50
386 276 23
328 267 14
193 145 41
103 355 31
335 359 12
330 66 16
451 359 48
392 33 44
452 276 7
290 392 57
301 485 97
43 114 45
40 244 23
15 312 94
281 20 14
1 130 80
390 152 45
139 200 31
265 423 60
442 241 22
236 303 70
328 380 93
37 95 7
233 129 69
305 89 68
283 322 47
101 181 90
136 450 100
185 159 48
480 397 66
11 31 72
237 351 39
101 144 78
255 433 83
300 11 37
484 245 24
248 352 7
420 249 97
179 372 15
45 427 99
411 376 3
313 187 100
328 304 49
274 153 62
401 127 100
71 294 84
87 142 77
461 256 12
266 296 67
112 370 48
193 119 66
357 364 45
216 203 78
390 178 73
371 315 65
269 247 35
376 449 4
116 387 88
474 302 23
215 496 85
13 121 72
78 442 49
371 270 12
177 303 76
412 59 15
17 231 75
330 304 92
426 307 22
74 301 34
238 493 61
450 238 23
469 214 66
301 168 32
178 67 64
382 146 14
106 416 43
14 179 22
459 286 68
56 264 82
313 478 97
240 41 82
388 64 41
211 143 70
23 98 74
291 406 21
253 251 88
263 248 25
384 331 80
369 389 94
293 318 84
95 21 59
230 168 78
375 386 6
139 164 30
354 231 6
145 497 41
287 109 31
72 354 61
247 450 89
131 382 73
477 417 55
173 264 78
375 133 91
112 464 90
104 22 86
265 231 57
16 132 34
214 201 32
337 396 19
403 144 14
70 473 18
211 266 45
368 110 49
253 346 22
277 41 41
243 356 3
393 335 75
343 357 2
373 246 26
183 409 83
323 29 1
38 52 73
100 336 18
119 231 31
480 471 48
197 225 52
240 113 40
496 195 65
251 469 62
244 229 69
309 328 43
62 9 39
194 153 26
267 180 91
329 140 64
153 256 22
386 299 85
110 56 29
379 168 61
325 252 46
383 314 41
43 73 22
352 267 92
87 97 37
444 203 8
222 449 60
427 491 64
274 198 65
163 491 41
124 337 36
106 233 39
357 330 37
143 161 72
258 105 8
44 276 92
321 199 17
61 5 10
250 164 81
430 116 27
419 498 32
230 177 72
364 258 72
103 93 55
412 391 18
397 447 73
246 331 46
309 234 92
408 328 71
143 328 64
468 358 14
67 277 70
491 263 66
491 414 70
315 8 82
282 150 89
484 383 29
47 126 99
252 324 7
433 360 37
89 126 82
149 182 48
455 32 82
133 254 31
40 79 13
494 273 19
388 63 54
261 437 56
287 330 78
405 176 62
419 473 41
194 464 61
316 113 9
62 453 90
410 255 40
374 19 98
492 366 7
495 339 41
252 310 51
47 2 54
261 142 31
4 144 80
281 278 15
0 9 25
92 240 62
280 412 18
76 247 11
389 398 44
73 175 80
113 9 75
213 338 57
221 330 4
167 136 58
423 436 7
498 101 80
210 310 45
31 410 40
361 475 9
20 371 67
153 221 12
355 339 39
361 454 49
265 264 8
415 348 68
414 415 92
485 56 31
96 5 69
272 276 99
264 265 42
422 83 16
477 411 49
47 138 95
197 306 84
33 344 8
262 149 20
400 98 95
211 345 68
301 338 63
97 122 87
427 72 89
373 465 100
64 292 42
395 77 62
402 74 46
108 389 25
491 162 13
44 373 26
194 75 41
276 450 19
270 151 57
275 2 87
139 48 4
226 0 100
173 48 98
20 333 92
489 385 24
300 243 86
125 85 85
439 182 66
457 122 7
208 296 80
116 278 11
489 119 20
169 97 32
53 462 90
180 279 10
407 322 32
460 453 23
395 78 51
379 438 94
244 80 79
287 12 26
247 158 8
153 235 73
6 254 18
297 149 88
325 53 83
184 84 63
354 148 3
371 439 17
141 460 78
45 135 30
286 35 53
12 289 61
283 74 98
327 354 66
186 129 2
470 493 45
215 353 45
355 388 97
133 334 43
481 346 73
345 362 33
273 252 74
492 475 38
83 427 71
104 303 55
477 479 49
481 264 18
239 285 57
452 350 7
493 310 35
185 265 81
306 198 2
213 366 35
45 196 8
346 490 10
278 128 50
486 371 22
127 63 49
349 12 82
290 397 94
207 123 69
396 126 5
170 123 19
263 389 25
213 327 77
137 445 96
370 215 86
240 290 74
368 310 7
384 405 69
493 51 23
31 212 59
113 405 85
103 381 27
347 438 92
13 69 26
427 325 44
75 418 97
469 406 53
142 342 44
190 162 82
207 63 89
420 198 29
81 310 84
36 41 65
339 316 97
392 429 91
45 99 67
107 311 5
6 320 96
143 14 57
25 221 64
433 3 62
299 403 38
106 198 9
382 35 19
52 468 95
70 207 62
70 427 58
152 146 57
4 101 31
448 273 29
450 229 93
225 327 28
369 294 15
242 335 11
321 359 94
391 222 48
269 193 57
213 323 47
439 407 64
88 187 39
356 92 6
193 59 29
188 252 67
313 325 80
446 112 30
128 265 56
142 388 1
156 275 36
477 312 10
124 256 7
241 297 48
281 344 22
365 429 10
318 18 23
164 81 100
258 360 41
412 414 52
68 33 33
425 44 51
392 242 93
27 384 68
284 57 21
364 130 1
293 271 62
57 31 45
52 58 20
430 126 60
51 53 17
285 246 56
264 431 58
50 352 94
378 228 20
366 207 48
216 187 50
439 77 17
313 134 50
375 363 56
30 250 87
439 29 7
25 32 53
107 101 24
95 15 37
210 495 65
218 85 55
403 22 68
402 305 52
90 190 23
153 49 57
460 459 88
24 254 14
112 8 28
360 22 69
445 493 77
356 402 28
84 382 56
340 306 3
123 193 17
339 496 89
70 186 5
377 283 58
331 75 39
96 94 21
22 404 88
435 369 95
474 89 7
289 316 92
88 283 6
407 102 69
190 310 95
83 275 8
123 63 60
72 309 61
234 414 44
145 299 100
398 356 54
454 52 63
43 486 39
41 100 46
157 324 20
160 396 73
384 420 91
121 443 15
419 99 87
117 8 8
257 4 60
479 389 28
236 359 100
246 114 90
34 462 75
13 152 65
84 123 79
79 260 68
43 145 97
27 457 8
205 384 64
313 470 69
119 484 13
325 256 56
292 343 26
131 283 68
380 331 33
215 106 91
123 284 6
275 200 36
2 328 14
119 372 21
199 52 24
183 282 51
146 436 61
267 18 22
153 270 28
428 135 10
85 255 19
145 215 69
145 23 61
62 125 34
492 384 62
305 140 8
100 314 33
41 137 19
373 54 83
37 446 82
318 416 94
329 195 76
159 363 7
243 391 71
70 223 100
421 163 91
498 205 8
110 378 30
443 367 2
268 130 89
109 37 34
247 498 17
384 494 66
135 487 12
70 9 67
434 243 55
437 32 37
472 223 99
300 144 29
370 224 39
457 205 97
188 169 14
428 345 20
22 51 7
321 70 16
90 154 32
392 289 97
33 32 57
