60 53 63
90 74 35
53 31 85
93 39 72
67 0 43
45 39 70
55 15 68
53 25 75
31 88 35
14 19 63
71 94 74
16 34 13
43 47 62
45 72 89
22 70 64
27 7 7
4 90 100
56 16 81
87 4 20
20 63 84
17 98 83
60 3 64
0 2 74
96 33 88
12 21 95
74 30 54
53 21 19
81 5 47
83 20 66
53 90 53
55 54 84
89 65 60
98 80 96
38 7 86
39 95 15
80 81 63
58 67 54
99 27 4
36 58 77
27 24 48
17 7 58
69 6 89
64 70 91
58 0 26
90 60 80
17 46 64
64 68 21
3 28 11
2 39 89
29 44 63
35 49 79
4 87 59
84 54 14
28 57 29
11 38 28
17 23 30
48 10 58
52 77 3
70 61 36
56 42 43
31 63 81
93 40 26
46 35 64
67 29 20
58 64 26
19 8 39
10 66 42
30 47 57
61 8 33
57 20 78
99 10 7
91 42 80
39 37 99
31 98 45
33 19 89
88 38 22
21 79 4
15 63 18
67 55 23
22 9 12
89 77 66
3 75 29
92 99 77
86 52 41
14 93 7
77 9 27
51 55 83
14 43 7
51 64 29
54 36 93
25 18 76
49 8 16
70 22 88
66 84 60
58 93 98
23 16 98
8 77 78
44 1 92
2 96 1
41 55 79
51 39 55
90 45 67
27 33 34
99 58 75
13 76 29
57 86 44
19 59 3
75 69 36
53 34 10
34 75 74
26 35 22
24 43 87
26 15 12
52 68 9
47 62 69
31 44 53
22 7 91
34 86 39
14 25 22
30 51 56
66 31 22
63 98 37
50 71 80
38 26 20
27 90 50
18 82 44
0 92 62
0 73 2
90 18 78
26 18 37
68 82 42
67 43 7
11 88 99
14 48 29
31 89 1
70 97 39
81 47 77
58 94 60
10 67 18
78 77 25
20 99 18
71 7 69
92 96 8
57 64 48
77 82 98
53 72 36
36 87 64
66 11 3
52 28 93
91 17 62
98 3 25
71 53 10
8 34 35
70 73 4
6 31 66
30 91 73
73 39 93
12 97 80
0 55 24
8 55 62
5 6 84
5 83 37
14 87 99
52 29 52
38 82 25
50 38 73
66 6 7
88 83 67
2 84 6
4 80 18
17 83 28
82 29 54
22 91 35
65 8 88
9 81 64
23 72 43
54 59 30
83 7 98
49 55 79
91 69 83
16 56 34
28 23 88
58 76 67
9 8 85
76 17 93
66 36 41
87 97 91
25 75 58
83 48 64
7 86 87
59 29 33
58 31 35
89 67 63
2 32 72
1 65 19
55 59 65
45 32 42
67 6 10
5 19 14
48 90 95
37 48 3
1 87 8
44 89 37
75 85 75
19 84 32
39 49 22
72 29 17
32 47 49
14 2 29
34 89 9
41 51 64
30 34 98
56 97 58
61 51 52
73 23 62
99 64 4
64 88 72
11 37 20
59 48 6
86 55 48
33 15 54
47 71 80
69 82 30
5 3 49
78 59 14
92 26 51
34 84 24
6 59 2
33 53 33
24 40 41
45 85 11
98 85 37
88 44 94
49 59 4
62 59 16
28 69 56
92 93 95
4 40 43
81 67 24
79 78 30
34 18 26
11 49 57
37 63 4
38 93 2
69 33 8
13 31 27
2 31 57
61 74 63
23 20 30
38 16 53
54 61 17
53 81 100
90 84 46
52 38 85
85 60 99
63 51 45
46 56 41
3 8 56
1 97 20
18 31 18
35 94 36
73 3 3
5 4 49
55 91 15
36 24 41
34 68 19
75 48 17
29 55 41
88 76 12
3 73 87
84 14 38
36 66 4
80 62 79
38 73 96
1 27 100
18 0 19
33 72 14
2 22 86
78 72 20
61 29 83
12 94 19
18 77 54
38 54 81
46 29 28
50 12 3
80 73 38
59 91 60
93 8 59
0 28 91
82 93 22
62 52 63
4 71 72
95 77 47
7 91 16
68 20 94
24 80 97
31 33 71
28 97 8
61 16 46
63 78 50
47 99 41
95 48 53
7 16 8
95 37 23
74 73 96
58 35 2
80 58 20
94 15 9
7 55 62
22 16 20
40 50 40
29 76 53
61 71 14
40 8 6
27 2 66
21 31 17
91 1 37
92 61 89
77 27 14
70 47 91
94 6 73
80 79 22
32 24 38
41 38 67
84 93 99
24 20 84
97 66 41
11 86 100
96 34 39
85 53 26
53 58 81
66 7 4
33 77 34
41 24 76
46 55 65
74 91 44
62 81 57
36 8 71
74 62 93
16 50 56
5 92 9
13 70 15
95 35 51
57 81 74
45 80 76
28 90 33
69 93 15
88 72 60
39 80 90
34 88 4
53 52 8
89 95 36
86 17 59
9 35 94
88 67 92
85 37 86
53 28 71
24 7 25
80 32 63
6 37 56
49 44 62
8 72 77
93 20 35
76 10 87
44 63 91
45 42 4
71 86 84
32 75 99
47 97 10
8 96 11
50 82 43
70 9 81
59 64 53
75 54 74
5 66 32
84 71 23
71 81 35
86 40 89
21 13 73
53 83 86
68 97 95
44 54 72
77 51 44
38 35 89
84 62 60
65 34 17
81 22 54
2 73 82
53 66 9
40 90 88
64 16 28
77 87 39
34 87 48
67 83 13
66 17 39
4 45 34
13 96 22
20 72 26
80 28 53
51 71 45
6 66 86
20 57 15
66 95 62
8 23 65
51 17 46
1 63 97
75 5 57
70 46 88
92 33 28
85 77 20
83 46 98
0 79 60
30 8 57
31 15 95
30 92 50
41 79 56
24 58 21
75 74 27
35 39 70
24 47 63
92 95 100
42 3 13
49 62 78
92 63 35
73 5 37
25 33 67
32 58 39
59 43 31
56 3 38
81 83 57
73 54 74
71 82 76
31 40 32
62 94 23
36 62 22
52 23 64
11 2 2
33 2 98
79 48 40
63 20 95
20 35 60
7 11 25
59 52 22
4 48 6
37 0 22
22 51 6
50 66 51
54 39 29
76 47 50
3 18 12
50 49 54
8 79 49
48 80 63
60 14 85
7 21 62
43 55 81
45 46 62
26 1 84
10 13 26
77 83 94
49 46 89
54 79 92
45 92 39
12 33 30
13 7 59
83 55 45
83 42 17
36 23 49
43 69 51
85 76 51
39 96 73
90 28 93
26 58 25
36 3 40
7 99 41
43 1 70
10 41 91
31 84 67
65 55 38
62 8 41
13 97 41
30 43 91
42 56 71
55 43 3
3 9 62
0 38 91
95 22 63
65 21 18
18 42 12
6 48 24
37 91 22
72 8 65
84 1 5
14 97 22
70 33 56
13 16 67
58 87 54
99 71 12
7 38 96
80 41 57
